17
1
1
1
1
1
170
8
4
45
19
8
2
8
30
1
3
120
30
24
12
2
90
38
1
1
51
1
36
37
112
18
64
47
15
1
47
1
108
9
8
27
101
34
5
99
12
1
26
1
58
6
4
9
2
122
1
19
6
1
1
17
42
92
20
1
1
1
1
95
22
21
1
221
1
58
1
1
15
61
94
1
84
49
1
51
16
1
35
26
37
19
14
8
19
11
33
1
138
42
3
81
8
30
53
127
36
11
8
24
20
14
50
1
1
1
1
10
51
1
1
59
44
1
16
1
27
1
48
14
50
1
45
102
3
12
1
5
59
40
12
22
28
117
6
49
42
1
37
66
39
247
33
7
20
7
1
1
4
1
25
13
1
1
10
35
16
1
9
4
12
1
55
1
82
59
1
5
50
1
38
42
1
1
169
46
1
60
1
1
24
13
8
1
140
4
1
1
1
29
22
12
1
51
1
11
88
19
1
6
41
1
58
64
105
8
1
19
8
44
118
37
104
63
74
15
39
164
14
7
20
1
1
1
1
1
18
1
91
4
5
65
3
1
119
10
1
18
35
6
17
10
78
42
29
3
8
30
178
27
20
23
1
14
19
102
18
80
15
78
81
1
39
13
15
63
38
56
1
17
37
33
62
1
1
99
28
1
37
58
71
22
34
103
7
6
1
230
45
29
35
85
1
14
11
7
4
7
173
22
1
18
1
150
20
5
68
64
175
10
1
10
111
24
10
58
22
1
60
1
29
32
5
13
1
100
61
39
69
33
8
1
1
36
11
25
42
10
39
347
60
53
27
5
104
11
82
1
114
68
6
34
51
1
1
1
21
1
158
1
66
26
24
55
1
22
1
1
68
55
4
4
105
62
21
1
34
42
21
23
1
30
64
14
215
41
1
70
4
212
8
187
22
1
4
1
43
4
35
11
92
98
109
12
119
62
1
8
38
49
21
2
40
47
1
46
32
1
50
114
64
71
6
232
30
152
26
27
12
50
83
27
9
132
6
1
33
1
15
